time,x,y,z,phi,theta,psi,x_velocity,y_velocity,z_velocity,phi_velocity,theta_velocity,psi_velocity,rotor_speed1,rotor_speed2,rotor_speed3,rotor_speed4
0.06,-3.00333561405e-07,4.2229207432e-07,10.006361019,6.2826608176,6.28268589298,0.0,7.19498896597e-06,-2.21225687947e-06,0.212017831505,-0.0387133683403,-0.0354329354627,0.0,472.2663795507783,469.5259587859014,472.80368233897116,469.8121411128882
0.12000000000000001,1.76941131483e-05,-1.78524783131e-05,10.0210846873,6.28086677249,6.28055449936,0.0,0.000799269841248,-0.000802751459283,0.27875615105,-0.0164199657025,-0.035704383089,0.0,426.2495254908191,426.2257182066561,425.3588457808267,427.26298075545355
0.18,0.000127002413203,-0.000117394977093,10.0407097905,6.27992673172,6.27908131767,0.0,0.00302147457785,-0.00261293719367,0.375385697267,-0.0142031324842,-0.00844517877809,0.0,435.23321998021254,437.50811563674586,435.39189393848665,435.577383803522
0.23999999999999996,0.000421793805037,-0.00036650961626,10.0725928101,6.2787144193,6.2782634207,0.0,0.00688892095957,-0.00582269149117,0.687245947378,-0.0362635119328,-0.0268167592281,0.0,500.93588935971263,499.59849290694217,500.1703522458599,498.5614070803551
0.3,0.00093337282502,-0.000807469023878,10.1149745383,6.27611538771,6.27644034342,0.0,0.0103218420407,-0.00909170381855,0.725452541983,-0.0636848463628,-0.0386945563976,0.0,418.2098019363047,417.1736888551963,418.1794663244409,415.7829050099674
0.36000000000000004,0.0017052598852,-0.00151839767764,10.1621035316,6.27216611258,6.27376578495,0.0,0.0156653101201,-0.0150126613062,0.845426941135,-0.0704761705192,-0.0601817759445,0.0,443.6875550392328,441.91889320471023,445.00014006084047,444.4407158203243
0.4200000000000001,0.00285790567601,-0.00266796062744,10.2162476502,6.26787433302,6.26999178882,0.0,0.0231388778976,-0.0237482022421,0.959278181389,-0.0737233214689,-0.068978319603,0.0,442.2148438568364,441.48681505613513,442.3739651740667,442.10256468589114
0.48000000000000015,0.00452390683844,-0.00441468722604,10.2760938847,6.26337306866,6.26651245091,0.0,0.0327627719354,-0.0349142122942,1.03551690367,-0.0777501485793,-0.0420576132321,0.0,428.6663515720133,430.94491111699074,430.95168539410275,430.60659711682007
0.5400000000000001,0.00682304971877,-0.00691180973919,10.3400163424,6.25859071764,6.2640868093,0.0,0.0441118114228,-0.0487753021734,1.09516170305,-0.0839332815235,-0.0373522126352,0.0,424.8647879439823,425.2670438189942,425.3670824452062,424.83187241232724
0.6000000000000002,0.00995059702496,-0.0104673539334,10.4127016072,6.25321488048,6.26188319691,0.0,0.0604051943037,-0.0703652506364,1.32741693762,-0.10440955929,-0.0355049156722,0.0,478.5641596972219,478.7042171765012,478.8538058803332,477.2874843075185
0.6600000000000003,0.0141832442186,-0.0155618454748,10.5027059404,6.24663731633,6.25957242591,0.0,0.0809793048466,-0.100320878748,1.67225166525,-0.122896148328,-0.0453318678848,0.0,511.4210306353322,510.7201499193082,510.75404846653015,509.42489593734626
0.7200000000000003,0.0194769659223,-0.0222648029537,10.6034106015,6.2394681521,6.25639268658,0.0,0.0957330701859,-0.123756776436,1.6845182923,-0.113420363525,-0.0763137797932,0.0,412.7861773994441,410.04075925145094,410.5426744462072,411.36833796094714
0.7800000000000004,0.0259060087082,-0.0308055560916,10.7116005927,6.23245654673,6.251274337,0.0,0.119134119794,-0.161760922734,1.92138739519,-0.124814167651,-0.117204471926,0.0,483.59538903221176,480.4994613491896,481.20422568534326,480.329815337339
0.8400000000000004,0.0337918772052,-0.0416685453637,10.8314081208,6.22482875529,6.24428742964,0.0,0.144487398993,-0.201150570097,2.07185906324,-0.132212191999,-0.114979094972,0.0,457.1957917398156,457.36132573003516,456.318779153818,455.71352128560227
0.9000000000000005,0.0433896586441,-0.0551201118533,10.9611375823,6.21667788705,6.2377869279,0.0,0.176185655737,-0.248126939389,2.25202177309,-0.144334585086,-0.0975953599671,0.0,465.40552700452366,466.7541593874994,467.1017457482636,466.1392514966218
0.9600000000000005,0.0549877259247,-0.071512431714,11.1006517468,6.20789078609,6.23134478599,0.0,0.211048886094,-0.299209979568,2.39804542353,-0.151057036323,-0.148362702847,0.0,458.80050735593545,454.74053296985454,457.3874034908709,456.83224265369205
1.0200000000000005,0.0688372125469,-0.0911702083631,11.248977254,6.19870266051,6.22224444903,0.0,0.251565547054,-0.357014726906,2.54567018247,-0.157648699196,-0.15927449467,0.0,458.55953919852243,457.6708947928498,458.7997065849022,458.25468613613486
1.0800000000000005,0.0853927931891,-0.114597379691,11.4072577839,6.18922979025,6.21274839517,0.0,0.301352425548,-0.424930549114,2.72973436965,-0.1583495956,-0.156328606781,0.0,469.87665816697415,470.08270718745104,470.6988211916768,470.6224664549268
1.1400000000000006,0.10505923339,-0.142190561631,11.5752162022,6.17948468122,6.20324179219,0.0,0.355189187752,-0.495835771921,2.86833250461,-0.172125168641,-0.163042685526,0.0,458.16220982389706,457.60502971850036,458.39883714243894,457.27837014581047
1.2000000000000006,0.128014113581,-0.174058022225,11.7496157748,6.16912219676,6.19372329363,0.0,0.410907741164,-0.56740076033,2.94456389563,-0.173898375229,-0.151048920259,0.0,439.463082114594,440.4318472009387,439.1556043704882,438.9794298156417
1.2600000000000007,0.154360724111,-0.210248286618,11.9270319336,6.15868519953,6.18471598597,0.0,0.468127094039,-0.639870757973,2.96901009822,-0.174053159687,-0.14833134987,0.0,424.16554532171796,424.3764986520522,422.82671477681413,422.78258132143526
1.3200000000000007,0.184365961237,-0.251052112187,12.1064630208,6.14782660731,6.17569871497,0.0,0.532872388392,-0.721219205148,3.01164393706,-0.200723409874,-0.154514263917,0.0,429.9407604437865,429.39443656088554,431.97370043852516,429.6850454707757
1.3800000000000008,0.218621298518,-0.297187321416,12.2901441146,6.13567584022,6.16613564866,0.0,0.609897148571,-0.817795575655,3.11043886131,-0.206348815655,-0.171519451057,0.0,449.8324035362877,448.42906214733557,449.58820065644665,449.09238861676926
1.4400000000000008,0.257359679194,-0.348940995167,12.4768725059,6.12319641146,6.15571231924,0.0,0.682285807014,-0.908392636079,3.11347311523,-0.211487829961,-0.178530340827,0.0,420.0093492267567,419.3697930846713,419.18544111306556,418.693108008315
1.5000000000000009,0.301603545723,-0.4075629184,12.6711265333,6.11022811679,6.14601352453,0.0,0.793659802885,-1.0471008413,3.36040366839,-0.227576427001,-0.140174235839,0.0,494.1473213586935,496.943612623952,497.357687440742,496.1368204873242
1.560000000000001,0.351802832493,-0.473627902718,12.8733124005,6.09694730108,6.13757526275,0.0,0.880387570444,-1.15623360434,3.37862300487,-0.211155659223,-0.141579994525,0.0,428.08484590541303,427.9459750053711,427.1892303553,428.53632302090244
1.620000000000001,0.407541267135,-0.546706336189,13.077722436,6.08403085239,6.12927137154,0.0,0.978320183945,-1.28086346042,3.43437102197,-0.225118792559,-0.132698663646,0.0,441.61197166046145,442.3260590043717,441.6113315204644,440.41151792223474
1.680000000000001,0.469567142006,-0.627834864461,13.2869776897,6.07071181487,6.12080032106,0.0,1.08996799274,-1.42468317244,3.53987399942,-0.216364028443,-0.169273905002,0.0,460.5729346331848,457.65184503756484,458.4614988141021,459.10941150459547
1.740000000000001,0.538699203527,-0.718148180331,13.503773963,6.05816455308,6.11015535579,0.0,1.21545262399,-1.58697170946,3.68547511249,-0.197593418751,-0.203332837052,0.0,475.33941850439305,472.6925422920617,472.1851383047136,473.590538694881
1.8000000000000012,0.615247752734,-0.818009242398,13.7272261961,6.04602254154,6.09823911533,0.0,1.33728184165,-1.74276884294,3.76193615938,-0.214190161287,-0.190527238567,0.0,454.44694864369563,455.4345729826342,454.40094550604505,453.02878454367396
1.8600000000000012,0.700095958696,-0.928399672895,13.9590155301,6.03286739374,6.0866859632,0.0,1.49216110694,-1.9381418873,3.96270988971,-0.231997434164,-0.196938776968,0.0,495.7807416861418,495.2774005561972,494.8833349666465,493.5280680777233
1.9200000000000013,0.793669080401,-1.04976612902,14.1986347794,6.0188338857,6.07493716515,0.0,1.62798365626,-2.10857741796,4.02345207743,-0.237969842145,-0.193655784017,0.0,455.35652450884606,455.58266865488525,454.77310053603526,454.2411691762373
1.9800000000000013,0.895625121992,-1.18162851808,14.4417822522,6.00407004029,6.06380474479,0.0,1.77152693185,-2.28802338492,4.08024587157,-0.271667581828,-0.172915759105,0.0,455.55954456869046,457.182277393579,457.5618075683867,454.8101207091775
2.0400000000000014,1.00544858874,-1.32335571323,14.6841026186,5.98758665944,6.05326694374,0.0,1.89003657029,-2.43741361286,3.99649731723,-0.28164824773,-0.18169167373,0.0,410.21119444767265,409.3983456102524,412.14599286927506,411.17962019451676
2.1000000000000014,1.12300850264,-1.47487187904,14.9231613249,5.9712892728,6.04343806213,0.0,2.02941175059,-2.61438282672,3.97113467854,-0.256769676481,-0.141535900918,0.0,431.28625152938895,434.63712121227417,432.25228264405075,434.2665932863476
2.1600000000000015,1.24969175156,-1.63802821499,15.1628837509,5.95574832305,6.03485178881,0.0,2.1939972981,-2.82538130653,4.01821758295,-0.263924104703,-0.146438277689,0.0,459.70753928366105,459.3004729815284,460.74832652462777,460.11722880630987
2.2200000000000015,1.38490777741,-1.81222194156,15.3996929874,5.93938697665,6.02589535026,0.0,2.31381377164,-2.98217485521,3.8749751524,-0.302664074759,-0.155643908677,0.0,396.567332210897,395.6966588667879,396.37569078093475,392.7099731554215
2.2800000000000016,1.52845395549,-1.99735949301,15.6314125736,5.92110448703,6.01628672633,0.0,2.47172070711,-3.19040561507,3.84772650572,-0.309133801254,-0.171127315114,0.0,439.90845535545765,438.5993014526721,440.0697123841313,439.4378974806943
2.3400000000000016,1.68275101685,-2.1967350769,15.8650899227,5.90295771565,6.00573051961,0.0,2.67226807604,-3.45682898374,3.93935938161,-0.291649037085,-0.187877179581,0.0,483.0188796771527,481.72640545067026,482.4379559054225,483.67093735073263
2.4000000000000017,1.84784609787,-2.41054877292,16.0993267561,5.88559913986,5.99409592376,0.0,2.83167361176,-3.67144353816,3.86726531599,-0.285009154469,-0.210046778411,0.0,431.8401239464883,429.9269769566796,431.66932168749776,432.14170028121407
2.4600000000000017,2.02333374149,-2.6383323769,16.3310190258,5.86810404342,5.98148052185,0.0,3.0187855333,-3.92244081179,3.85400501452,-0.309827817083,-0.210679119369,0.0,454.99235422585946,454.8992922194581,457.4727866333977,455.40675004779916
2.520000000000002,2.21046373499,-2.88171531399,16.5622469396,5.85014190305,5.96892470953,0.0,3.21971104292,-4.1914387564,3.85151612735,-0.284038443708,-0.206577424649,0.0,464.3562228097006,464.63688815635584,462.30057510815124,464.2403235174838
2.580000000000002,2.40939085422,-3.14090748362,16.7917388247,5.83289291671,5.95623936633,0.0,3.4119649456,-4.44927523651,3.79640328567,-0.295436184332,-0.223470038414,0.0,451.11748431116416,449.70725762611227,450.2724056275006,449.26608730610195
2.640000000000002,2.61966440805,-3.41531970075,17.0166338617,5.815145092,5.94317193913,0.0,3.59793819244,-4.69875879552,3.69839965695,-0.296526926654,-0.208354107902,0.0,438.48549671854107,439.6919498309384,438.66740160193666,438.4865062488897
2.700000000000002,2.84268102928,-3.70671974547,17.2388867965,5.79728350182,5.93058050502,0.0,3.83661467807,-5.01542839955,3.70737793998,-0.300127547166,-0.213040999739,0.0,481.61238696327507,481.21799324187,482.7802592865533,482.42590702507806
2.760000000000002,3.08023799478,-4.0173984654,17.4613443663,5.77907534996,5.91736797444,0.0,4.08258102619,-5.34129289846,3.70506396182,-0.311144800609,-0.241044103642,0.0,485.21954779924766,483.0675283925661,485.2180237656371,484.30430188284424
2.820000000000002,3.33333453545,-4.34859211573,17.6845474698,5.75990625383,5.90278625942,0.0,4.35465955555,-5.69911253134,3.73163328623,-0.346539421728,-0.247316777455,0.0,501.01418595153734,500.5059634380526,503.4534402414977,500.7914086277017
2.880000000000002,3.60122463906,-4.69930241693,17.9050677207,5.73948879122,5.88764028101,0.0,4.57569038284,-5.99198328506,3.61651593873,-0.330083361077,-0.265348993162,0.0,459.29057188697675,457.79539961248827,457.2219463188573,458.41582785559757
2.940000000000002,3.8838335898,-5.06935372662,18.1208383474,5.72009474765,5.87164753689,0.0,4.84525483299,-6.34348111038,3.57242818817,-0.31222609238,-0.269047594024,0.0,491.85546756301676,491.51720048119813,490.7201541132823,491.94779849113235
3.000000000000002,4.18007427043,-5.45731235815,18.3281571237,5.70140746467,5.8551402615,0.0,5.03014877728,-6.58911210526,3.33643106193,-0.309958868548,-0.291394787251,0.0,424.91694193570146,422.9145389694551,424.1311170589189,424.2217369826006
3.0600000000000023,4.48742900885,-5.85998048094,18.5207219908,5.68271226252,5.83816752228,0.0,5.21572982304,-6.83373457172,3.08060068174,-0.315049151525,-0.269777071646,0.0,420.52175232902164,422.3042947024639,420.3011578833082,419.7541583180335
3.1200000000000023,4.80864009736,-6.28049581352,18.7019974802,5.66377779216,5.82209303079,0.0,5.49171138488,-7.18355510129,2.95856378836,-0.316643505585,-0.26441796398,0.0,482.5952338429272,482.93351469037293,482.07043042888785,481.85659705923746
3.1800000000000024,5.14428606456,-6.71945663123,18.8717070107,5.64574716973,5.80735617885,0.0,5.69693167241,-7.44889579314,2.6963441779,-0.279689108051,-0.222623195011,0.0,430.16197994997685,433.62331955719753,431.2204386987166,434.2351503417216
3.2400000000000024,5.49367506488,-7.17598003294,19.027364291,5.62934875317,5.79439072508,0.0,5.94948176063,-7.76866250308,2.48954482026,-0.262913967075,-0.205492763231,0.0,461.5820436353644,462.8879589627245,463.0346262151012,464.2804579595867
3.3000000000000025,5.85649639693,-7.64972778627,19.1675043203,5.61362934568,5.78216367891,0.0,6.1448083724,-8.02336618018,2.18003803566,-0.26020753908,-0.200574069846,0.0,423.213987929702,423.5942857236282,425.0029410912879,425.16240347667417
3.3600000000000025,6.23137502558,-8.13917511636,19.2891314702,5.59880261068,5.77041292654,0.0,6.35128428838,-8.29188825359,1.87227448591,-0.229054000828,-0.187769892788,0.0,430.65471672225385,431.69792835099804,429.26478997808033,431.83676913666693
3.4200000000000026,6.61845675364,-8.64456783444,19.391621626,5.58542084427,5.75951769682,0.0,6.55154389233,-8.55491512952,1.54228720975,-0.213117125203,-0.171456226306,0.0,425.5322617495189,426.893369823321,425.6225787837304,426.9330173640143
3.4800000000000026,7.01892381195,-9.16732548709,19.4757407,5.57242671536,5.75007514664,0.0,6.79711288803,-8.87041260251,1.25929555381,-0.224546804693,-0.138368106668,0.0,453.7857573889492,456.4113531534436,455.12035070926083,454.1588512305164
3.5400000000000027,7.43318072897,-9.70805680814,19.5412685037,5.55874931115,5.74150831367,0.0,7.01124442737,-9.15429507944,0.922936607394,-0.235821246146,-0.153502087694,0.0,437.08722670155686,435.8039419598149,437.49971682935234,436.506737167871
3.6000000000000028,7.86062434053,-10.2663042074,19.5866649465,5.54419552109,5.73243697671,0.0,7.23657408596,-9.45414623486,0.587929763971,-0.261510892097,-0.146928309378,0.0,443.523369782181,444.0416032109626,446.3754377177102,444.2133317806151
3.660000000000003,8.3007571638,-10.8417461402,19.6105638053,5.52928566314,5.72433991084,0.0,7.43427827332,-9.72764055656,0.206593037801,-0.230519499388,-0.117994809804,0.0,428.01860159288185,430.456912060813,427.4749240292407,430.0432483839767
3.720000000000003,8.75359613682,-11.4346647367,19.6122034228,5.51505822765,5.71761343164,0.0,7.65982374397,-10.0365315361,-0.154389366616,-0.255498343701,-0.102376594091,0.0,447.3860124842224,448.64524263394696,447.1085348326566,445.0109783558815
3.780000000000003,9.21867481286,-12.0448727647,19.5903512917,5.49984129397,5.71189198275,0.0,7.84244013069,-10.3042654801,-0.576085294278,-0.250100621858,-0.0841093946489,0.0,422.5054160630022,424.0697733131005,423.50894933991725,423.9051524825548
3.840000000000003,9.69773622832,-12.6746641369,19.5461800171,5.4855351094,5.70723530028,0.0,8.12505204075,-10.6885406221,-0.899686217586,-0.221814302198,-0.0670479524113,0.0,482.81902852472285,484.1007036007303,480.7457476764281,482.83231189710284
3.900000000000003,10.1920206992,-13.3258320991,19.4803245739,5.47276853382,5.70352053451,0.0,8.35024551407,-11.0173058766,-1.29817735263,-0.199047260535,-0.0532363233125,0.0,455.0871511577581,456.1891530080751,454.4873429841126,456.26528540338
3.960000000000003,10.6994096905,-13.9965240355,19.3897736944,5.46086346664,5.70005780162,0.0,8.56192527553,-11.3394863182,-1.7227715921,-0.19718967024,-0.0686358151086,0.0,451.2477347392383,449.99994730285783,451.5472784551966,451.65935609330165
4.020000000000002,11.2198003066,-14.6871370315,19.2736861297,5.44920219103,5.69612436355,0.0,8.78352479031,-11.6812034194,-2.14971222737,-0.18922216693,-0.0600214869328,0.0,459.09241298525683,459.77270137280146,459.6353558998028,460.2311587208767
4.080000000000001,11.7522102878,-15.39709456,19.1302928065,5.43855195097,5.69266776044,0.0,8.96288401683,-11.9847464835,-2.63256714719,-0.160819096975,-0.0531792466419,0.0,439.3246428960598,439.88956643656337,437.5719127078228,439.8996580471134
4.14,12.2956939862,-16.1258980919,18.9578459683,5.42935688644,5.69047268689,0.0,9.15252378589,-12.3094450811,-3.11832618363,-0.14130504864,-0.0153361319415,0.0,445.80212475479425,448.88433870223344,446.51781397891796,448.0854682595478
4.199999999999998,12.8504017557,-16.8743433773,18.7557091036,5.4206715852,5.68948627265,0.0,9.33698265886,-12.6396739501,-3.62225732331,-0.152734398578,-0.0187451741744,0.0,447.4483698963141,447.17069472425186,447.58656149955823,446.6353374124287
4.259999999999997,13.4156874691,-17.6424171863,18.5224533174,5.41175250641,5.68819983703,0.0,9.50521376495,-12.9638754332,-4.15571773699,-0.141538871846,-0.0274643874488,0.0,441.0167412573992,440.2955514498467,440.6739988879988,441.57796696204014
4.319999999999996,13.9923692201,-18.4317928374,18.2579748022,5.40359857745,5.68648685288,0.0,9.71643150215,-13.3493585541,-4.66369872755,-0.126511730561,-0.0308135537207,0.0,467.5890783156662,467.32777695295107,466.44530134037393,467.6017366915706
4.379999999999995,14.5786045185,-19.2411575397,17.9595876986,5.39601216933,5.68421893452,0.0,9.82465584328,-13.6313618885,-5.28509157815,-0.126297476025,-0.0578598634976,0.0,413.1831949858775,410.78932623907076,412.4587708240567,412.4617862204503
4.439999999999993,15.1727429427,-20.0694487228,17.624693421,5.38786412746,5.68065970141,0.0,9.97941720258,-13.9797318885,-5.88146269503,-0.172762469789,-0.0624133909769,0.0,440.275109533078,439.8954770714855,441.8818386320593,438.0132900541674
4.499999999999992,15.7781350322,-20.9212785796,17.2551810852,5.37739124661,5.67652189532,0.0,10.1989767355,-14.4150396584,-6.4403215099,-0.178376259422,-0.0871566411487,0.0,478.5647172491436,476.6731385376014,477.8017649465646,477.3463270217356
4.559999999999991,16.3951260857,-21.7978355649,16.8500041468,5.36740758633,5.6709752071,0.0,10.3665300388,-14.804497512,-7.07008124663,-0.149436823037,-0.105957452977,0.0,455.2930359449856,453.77826608924096,453.5014851076915,455.79485672723877
4.6199999999999894,17.0208931556,-22.6967213288,16.4051557665,5.3582628119,5.66469425366,0.0,10.4919471914,-15.1599863821,-7.76251957347,-0.159141732379,-0.102249428412,0.0,433.99625677349155,434.29772000752945,434.7537007789645,433.9166879929428
4.679999999999988,17.6563029379,-23.6197459935,15.9197169016,5.34904256053,5.65841929726,0.0,10.6872140114,-15.6083746175,-8.4242965984,-0.144522571431,-0.109708442207,0.0,473.8435439835145,473.2606223856645,472.88910684588984,473.9936574258818
4.739999999999987,18.2988275347,-24.5650033158,15.3898472054,5.34011932345,5.65180980834,0.0,10.7305443283,-15.9030404741,-9.24227820852,-0.158804664137,-0.111072245679,0.0,392.3957530460639,392.2565488050629,393.9126839364068,392.564598870739
4.799999999999986,18.9483227117,-25.5332943475,14.8134526965,5.33051671162,5.64542603256,0.0,10.918072184,-16.3744826687,-9.97724986165,-0.162640471387,-0.0983915399821,0.0,471.48106556898045,472.45105288454613,472.3192159423808,472.0004229634193
4.859999999999984,19.6059542551,-26.5269745449,14.1894077547,5.32047132648,5.63936577434,0.0,11.0026553153,-16.7506670199,-10.8300742952,-0.179279920695,-0.106816804958,0.0,422.1732199546439,421.4356624149708,422.25348190553154,420.78577538117884
4.919999999999983,20.270852288,-27.5461997127,13.5146795533,5.30953882714,5.63272088863,0.0,11.1594321259,-17.2250692914,-11.6681975283,-0.188812658502,-0.120065479392,0.0,462.54774293311834,461.4920916475176,461.69430500777304,460.9101940998673
4.979999999999982,20.942135601,-28.5911956586,12.7860890733,5.29879884352,5.62552795983,0.0,11.2164095002,-17.6109732678,-12.6251477836,-0.164375263664,-0.119518334577,0.0,412.7290884161835,412.7632605765338,411.16689245839257,413.29347688585966
5.0399999999999805,21.6182648841,-29.6615494877,11.9996727295,5.28916016831,5.61864749544,0.0,11.3205364947,-18.0702585019,-13.596873319,-0.154076360005,-0.106423641456,0.0,439.3503633969,440.42345987110576,437.78825424970677,438.6199209136713
